10112003
25102003
07092003
22082003
21072003
26072005
11082005
08062005
28092005
15112005
07052005
22051993
03031993
04041993
23061993
25071993
14011993
14111993
26081993
19082008
29042008
15052008
04092008
26092010
28102010
18032010
24072010
22062010
12071994
17011994
25051994
13081994
03121994
01111994
02081990
22011990
12041990
30051990
21101990
09111997
08101997
18061997
10012009
16042009
31032009
10112009
09102009
07092009
13121992
08091992
19051992
14071992
10101992
07081992
26052006
24042006
15092006
14082006
13072006
18112006
28041996
19091996
15061996
27031996
30051996
05101996
23012002
20071991
05081991
15041991
06091191
02061991
14121998
21061998
24081998
20051998
07071998
14101999
16021999
11081999
23051999
21041999
26071999
15111999
08061999
03101995
04111995
17091995
10041995
16081995
28051995
28052001
23072004
05062004
24082004
14122004
09092004
01032004
26032007
18092007
16072007
14062007
17082007
13052007
10062000
25052000
23042000
13082000
